1.0
-1.0
1.5
-2.666666666666666666666666666666666666666666666666666666666666666666666666666678
5.208333333333333333333333333333333333333333333333333333333333333333333333333356
-10.80000000000000000000000000000000000000000000000000000000000000000000000000003
23.34305555555555555555555555555555555555555555555555555555555555555555555555567
-52.0126984126984126984126984126984126984126984126984126984126984126984126984127
118.6252232142857142857142857142857142857142857142857142857142857142857142857142
-275.5731922398589065255731922398589065255731922398589065255731922398589065255721
649.7871723434744268077601410934744268077601410934744268077601410934744268077629
-1551.160519480519480519480519480519480519480519480519480519480519480519480519478
3741.449702959238549516327294105071882849660627438405216182993960771738549516312
-9104.500241158018935796713574491352269130046907824685602463380241158018935796734
22324.30851270660143428000570857713714856571999429142286285143428000570857713715
-55103.6219729038353376977715602054226392850731475070099408723747348085972424595
136808.8609039429356334221578930573639568348563057557766552475547184541893536596
-341422.0506658383633173549139935694557543297039095358423089515526490316406282795
855992.96599660755146336302506332246623424823099754800830292755457883237390102
-2.154990206091088289321708745358647164723721402273264863655145823893764915527739e+06
