0.5
-0.0625
0.005208333333333333333333333333333333333333333333333333333333333333333333333333356
0.0003255208333333333333333333333333333333333333333333333333333333333333333333333347
-0.0002115885416666666666666666666666666666666666666666666666666666666666666666666669
3.187391493055555555555555555555555555555555555555555555555555555555555555555537e-05
1.768081907242063492063492063492063492063492063492063492063492063492063492063495e-06
-1.852096073211185515873015873015873015873015873015873015873015873015873015873024e-06
3.534439800067343198853615520282186948853615520282186948853615520282186948853608e-07
8.173825669330684386022927689594356261022927689594356261022927689594356261022974e-09
-2.06245139601981007213754609587942921276254609587942921276254609587942921276254e-08
4.727254469326131010379192887873443428998984554540110095665651221206776762332347e-09
-5.254838295493782607311388778402667291556180445069333958222847111736000624889523e-11
-2.549732269679709312900890872818576191592064607937623810639683655556671429687301e-10
6.897078914225712234124514535200402429238408074386910365746344582323418302254326e-11
-3.004636375311634110511173605166373307701019341230981442621654261865902077542288e-12
-3.313983848679891638589992885073594189651636936106279399152103789514309277770232e-12
1.054773386200645994020489883960951180250798487367806453465408405409097043775607e-12
-7.811289918947212452688910332143415181194255129405050322085102208977620090733301e-14
-4.391790189701172019038952653671210463215543074917634114282234218967846791945885e-14
